0010101
11001
010
010
111
0010111
1011
111
11010110
011010
111
1101000110
10011
1000
0001
0111
01100
11000
11000
0010101
11001
010
010
111
0011
1011
111
101010
011010
111
01100
10011
1000
0001
0111
01100
101011
111
01100
10011
1000
0001
0111
01100
111
1011
11001
010
010
101011
11000
11010110
011010
111
10100
0011
10100
0000
111
10011
10100
111
00100
0111
01100
010
11001
010
0001
111
01100
0000
010
1000
111
1000
10011
100101
0000
1011
111
1101010
0111
101010
010
10100
111
0111
1000
100100001
11000
10010011
11011
1011
111
00100
010
1011
111
1011
0000
010
11001
010
111
1000
010
0110110
010
11001
111
0110111
010
111
1101010
11011
11001
1011
0011
10011
1000
111
0001
11001
0011
01100
1000
11000
10010011
010
1011
01100
010
010
1000
111
011010
0111
11011
111
0011
1000
0001
111
101010
010
11010000
11000
11000
1101000111
0011
100101
11011
010
111
0001
11001
010
0011
101010
111
0000
010
0011
0001
111
00100
10011
1101001
1011
010
0001
111
0111
11011
1011
111
0111
1101001
111
1011
0000
010
111
100101
11001
0111
11011
1000
0001
101011
11000
0010111
1000
0001
111
1011
0000
10011
1000
100101
111
1000
010
100100010
1011
111
101010
0111
10100
1011
111
0001
10011
1101001
1101001
11011
10100
010
111
1011
0111
111
1101010
00100
0111
11011
0001
101011
11000
100100000
0111
1011
111
0011
00100
00100
111
011010
0111
11011
11001
111
00100
10011
100101
0000
1011
111
1011
0111
1000
100101
11011
010
10100
111
1011
0011
00100
0010100
10011
1000
100101
111
0011
00100
0111
11011
0001
11000
110100010
0111
11011
00100
0001
111
0110111
010
111
0010110
11001
0111
1101001
0111
11011
1000
0001
11010000
11000
11000
10010011
11011
1011
111
1011
11001
010
010
101011
111
11010111
111
0000
0011
0110110
010
111
10100
010
010
1000
111
011010
0111
11011
111
1011
0011
0010100
010
1000
111
0011
1000
0001
111
1011
0111
10100
10100
010
0001
101011
11000
0010111
1000
0001
111
10011
1101001
111
011010
0111
11011
111
0000
0011
0110110
010
111
10100
010
010
1000
111
101010
010
111
01100
0000
010
1000
111
11010111
111
10100
00100
010
0010110
1011
101011
11000
10010010
0111
11011
111
0000
0011
0110110
010
111
10100
010
010
1000
111
101010
010
111
01100
0000
010
1000
111
11010111
111
01100
0011
10100
111
1011
0011
0010100
010
1000
111
0011
1000
0001
111
10100
01100
010
0010110
1011
11000
0010111
1000
0001
111
0011
00100
00100
111
0110111
11011
1011
111
00100
0111
10100
1011
11010000
11000
11000
0010101
0000
0011
1011
111
0001
0011
011010
111
10100
0000
010
111
0010110
11011
1011
111
0111
11011
11001
111
0000
010
0011
0001
10100
111
1011
0111
100101
010
1011
0000
010
11001
101011
11000
100100011
0011
1011
010
111
0000
0011
0001
111
0000
010
11001
111
10011
101010
0011
100101
10011
1000
0011
1011
10011
0111
1000
111
0011
0110111
0111
11011
1011
111
0000
010
11001
101011
11000
10010010
0111
11011
11001
111
0000
010
0011
0001
111
10100
0111
111
101010
11011
1101010
0000
111
1101010
0111
1000
1101010
010
11001
1000
010
0001
111
01100
10011
1011
0000
111
0111
11011
1011
010
11001
101011
11000
11010110
10011
1000
010
111
01100
10011
1011
0000
111
10011
1000
1000
010
11001
101011
111
01100
010
0011
1011
0000
010
11001
11000
